hello world!
I am running on Raspberry Pi !!!!


 idxCount = 250 
 charge/discharge patten changes at 210 cycle 

 idx, Predict, Observed, AE, SE, APE(%), PredictNorm, ObservedNorm 
    0, [453.0317, 252], [201.031730, 40413.756285, 79.774496], 0.386352, 0.214530 
    1, [447.6741, 251], [196.674140, 38680.717539, 78.356231], 0.381773, 0.213680 
    2, [444.6990, 250], [194.698956, 37907.683625, 77.879583], 0.379230, 0.212820 
    3, [440.6370, 249], [191.637010, 36724.743729, 76.962655], 0.375758, 0.211970 
    4, [437.8587, 248], [189.858739, 36046.340939, 76.555943], 0.373384, 0.211110 
    5, [436.5424, 247], [189.542371, 35926.310412, 76.737802], 0.372258, 0.210260 
    6, [434.6495, 246], [188.649539, 35588.648393, 76.686804], 0.370641, 0.209400 
    7, [433.8686, 245], [188.868554, 35671.330598, 77.089206], 0.369973, 0.208550 
    8, [430.2002, 244], [186.200150, 34670.495927, 76.311537], 0.366838, 0.207690 
    9, [427.2005, 243], [184.200510, 33929.827869, 75.802679], 0.364274, 0.206840 
   10, [428.1350, 242], [186.134975, 34646.228778, 76.915279], 0.365073, 0.205980 
   11, [423.4818, 241], [182.481775, 33299.598155, 75.718579], 0.361096, 0.205130 
   12, [421.1356, 240], [181.135625, 32810.114699, 75.473177], 0.359090, 0.204270 
   13, [430.5321, 239], [191.532072, 36684.534659, 80.138942], 0.367121, 0.203420 
   14, [432.8485, 238], [194.848524, 37965.947378, 81.869128], 0.369101, 0.202560 
   15, [418.2954, 237], [181.295406, 32868.024356, 76.495952], 0.356663, 0.201710 
   16, [412.7539, 236], [176.753862, 31241.927746, 74.895704], 0.351926, 0.200850 
   17, [412.4636, 235], [177.463623, 31493.337495, 75.516435], 0.351678, 0.200000 
   18, [408.9362, 234], [174.936176, 30602.665609, 74.759049], 0.348663, 0.199150 
   19, [403.5197, 233], [170.519681, 29076.961738, 73.184413], 0.344034, 0.198290 
   20, [414.2938, 232], [182.293769, 33231.018286, 78.574901], 0.353243, 0.197440 
   21, [432.9045, 231], [201.904550, 40765.447291, 87.404567], 0.369149, 0.196580 
   22, [448.5353, 230], [218.535302, 47757.678267, 95.015349], 0.382509, 0.195730 
   23, [456.1616, 229], [227.161620, 51602.401459, 99.197214], 0.389027, 0.194870 
   24, [460.3110, 228], [232.310995, 53968.398192, 101.890787], 0.392573, 0.194020 
   25, [461.0292, 227], [234.029210, 54769.671141, 103.096568], 0.393187, 0.193160 
   26, [459.2255, 226], [233.225484, 54394.126619, 103.197117], 0.391646, 0.192310 
   27, [456.8571, 225], [231.857141, 53757.733906, 103.047618], 0.389621, 0.191450 
   28, [438.7365, 224], [214.736496, 46111.762503, 95.864507], 0.374134, 0.190600 
   29, [404.7164, 223], [181.716355, 33020.833634, 81.487155], 0.345057, 0.189740 
   30, [384.7640, 222], [162.764042, 26492.133402, 73.317136], 0.328003, 0.188890 
   31, [393.1326, 221], [172.132569, 29629.621211, 77.888040], 0.335156, 0.188030 
   32, [389.1092, 220], [169.109240, 28597.935198, 76.867837], 0.331717, 0.187180 
   33, [388.1718, 219], [169.171778, 28619.090631, 77.247387], 0.330916, 0.186320 
   34, [384.2443, 218], [166.244335, 27637.179023, 76.258869], 0.327559, 0.185470 
   35, [381.9229, 217], [164.922932, 27199.573413, 76.001351], 0.325575, 0.184620 
   36, [383.4527, 216], [167.452654, 28040.391187, 77.524377], 0.326883, 0.183760 
   37, [379.2070, 215], [164.206966, 26963.927773, 76.375333], 0.323254, 0.182910 
   38, [377.6247, 214], [163.624720, 26773.048954, 76.460149], 0.321901, 0.182050 
   39, [375.0749, 213], [162.074881, 26268.266997, 76.091493], 0.319722, 0.181200 
   40, [372.8291, 212], [160.829132, 25866.009570, 75.862798], 0.317803, 0.180340 
   41, [372.0819, 211], [161.081890, 25947.375435, 76.342128], 0.317164, 0.179490 
   42, [374.0679, 210], [164.067924, 26918.283615, 78.127583], 0.318861, 0.178630 
   43, [372.3371, 209], [163.337087, 26679.003916, 78.151716], 0.317382, 0.177780 
   44, [367.6519, 208], [159.651863, 25488.717494, 76.755704], 0.313378, 0.176920 
   45, [367.4143, 207], [160.414323, 25732.754894, 77.494842], 0.313175, 0.176070 
   46, [365.9669, 206], [159.966935, 25589.420199, 77.653852], 0.311938, 0.175210 
   47, [363.1839, 205], [158.183875, 25022.138453, 77.162866], 0.309559, 0.174360 
   48, [361.8987, 204], [157.898702, 24932.000174, 77.401325], 0.308460, 0.173500 
   49, [368.7059, 203], [165.705889, 27458.441711, 81.628517], 0.314279, 0.172650 
   50, [375.0895, 202], [173.089540, 29959.988840, 85.687891], 0.319735, 0.171790 
   51, [380.2170, 201], [179.216956, 32118.717449, 89.162665], 0.324117, 0.170940 
   52, [382.4438, 200], [182.443777, 33285.731948, 91.221889], 0.326020, 0.170090 
   53, [381.3748, 199], [182.374771, 33260.557052, 91.645614], 0.325107, 0.169230 
   54, [379.0884, 198], [181.088382, 32793.002226, 91.458779], 0.323152, 0.168380 
   55, [374.8431, 197], [177.843062, 31628.154840, 90.275666], 0.319524, 0.167520 
   56, [368.9585, 196], [172.958501, 29914.643172, 88.244133], 0.314494, 0.166670 
   57, [347.4033, 195], [152.403329, 23226.774734, 78.155553], 0.296071, 0.165810 
   58, [336.3440, 194], [142.344022, 20261.820663, 73.373207], 0.286619, 0.164960 
   59, [331.8776, 193], [138.877630, 19286.996151, 71.957321], 0.282801, 0.164100 
   60, [330.2696, 192], [138.269637, 19118.492431, 72.015436], 0.281427, 0.163250 
   61, [326.8163, 191], [135.816272, 18446.059614, 71.107996], 0.278475, 0.162390 
   62, [324.6862, 190], [134.686181, 18140.367242, 70.887463], 0.276655, 0.161540 
   63, [323.9381, 189], [134.938126, 18208.297798, 71.395834], 0.276015, 0.160680 
   64, [322.0626, 188], [134.062556, 17972.768963, 71.309870], 0.274412, 0.159830 
   65, [317.2515, 187], [130.251530, 16965.461043, 69.653225], 0.270300, 0.158970 
   66, [312.7113, 186], [126.711278, 16055.748070, 68.124343], 0.266420, 0.158120 
   67, [310.7608, 185], [125.760827, 15815.785504, 67.978825], 0.264753, 0.157260 
   68, [306.3499, 184], [122.349886, 14969.494506, 66.494503], 0.260983, 0.156410 
   69, [304.1698, 183], [121.169803, 14682.121116, 66.213007], 0.259119, 0.155560 
   70, [302.6541, 182], [120.654114, 14557.415146, 66.293469], 0.257824, 0.154700 
   71, [297.8423, 181], [116.842283, 13652.119202, 64.553748], 0.253711, 0.153850 
   72, [301.4191, 180], [121.419100, 14742.597943, 67.455056], 0.256768, 0.152990 
   73, [299.0526, 179], [120.052576, 14412.621101, 67.068478], 0.254746, 0.152140 
   74, [294.2131, 178], [116.213053, 13505.473608, 65.288232], 0.250609, 0.151280 
   75, [295.1757, 177], [118.175720, 13965.500838, 66.765944], 0.251432, 0.150430 
   76, [291.9030, 176], [115.903024, 13433.511082, 65.853991], 0.248635, 0.149570 
   77, [288.0521, 175], [113.052102, 12780.777826, 64.601201], 0.245344, 0.148720 
   78, [284.2644, 174], [110.264394, 12158.236669, 63.370342], 0.242106, 0.147860 
   79, [284.7697, 173], [111.769663, 12492.457667, 64.606742], 0.242538, 0.147010 
   80, [285.2001, 172], [113.200098, 12814.262197, 65.814010], 0.242906, 0.146150 
   81, [282.9212, 171], [111.921241, 12526.364100, 65.451018], 0.240958, 0.145300 
   82, [280.1871, 170], [110.187111, 12141.199400, 64.815948], 0.238621, 0.144440 
   83, [273.8584, 169], [104.858376, 10995.279014, 62.046376], 0.233212, 0.143590 
   84, [269.6331, 168], [101.633075, 10329.281981, 60.495878], 0.229601, 0.142740 
   85, [269.4126, 167], [102.412626, 10488.345902, 61.324926], 0.229413, 0.141880 
   86, [268.4922, 166], [102.492201, 10504.651173, 61.742289], 0.228626, 0.141030 
   87, [264.6839, 165], [99.683926, 9936.885073, 60.414501], 0.225371, 0.140170 
   88, [260.9533, 164], [96.953265, 9399.935530, 59.117844], 0.222182, 0.139320 
   89, [257.2776, 163], [94.277647, 8888.274795, 57.839047], 0.219041, 0.138460 
   90, [253.3890, 162], [91.389017, 8351.952377, 56.412973], 0.215717, 0.137610 
   91, [249.1714, 161], [88.171362, 7774.189128, 54.764821], 0.212112, 0.136750 
   92, [241.6309, 160], [81.630891, 6663.602392, 51.019307], 0.205667, 0.135900 
   93, [230.2361, 159], [71.236069, 5074.577585, 44.802559], 0.195928, 0.135040 
   94, [234.1540, 158], [76.153967, 5799.426754, 48.198714], 0.199277, 0.134190 
   95, [222.0142, 157], [65.014216, 4226.848340, 41.410329], 0.188901, 0.133330 
   96, [227.0605, 156], [71.060505, 5049.595375, 45.551606], 0.193214, 0.132480 
   97, [220.3791, 155], [65.379070, 4274.422737, 42.180045], 0.187503, 0.131620 
   98, [218.0208, 154], [64.020798, 4098.662546, 41.571947], 0.185488, 0.130770 
   99, [219.3968, 153], [66.396850, 4408.541659, 43.396634], 0.186664, 0.129910 
  100, [220.7455, 152], [68.745465, 4725.938907, 45.227279], 0.187817, 0.129060 
  101, [213.1216, 151], [62.121554, 3859.087533, 41.140102], 0.181300, 0.128210 
  102, [213.6591, 150], [63.659053, 4052.475003, 42.439369], 0.181760, 0.127350 
  103, [211.0879, 149], [62.087857, 3854.901940, 41.669702], 0.179562, 0.126500 
  104, [208.2665, 148], [60.266512, 3632.052512, 40.720616], 0.177151, 0.125640 
  105, [206.5388, 147], [59.538758, 3544.863659, 40.502556], 0.175674, 0.124790 
  106, [202.1384, 146], [56.138388, 3151.518582, 38.450951], 0.171913, 0.123930 
  107, [200.2302, 145], [55.230201, 3050.375048, 38.089793], 0.170282, 0.123080 
  108, [202.3602, 144], [58.360233, 3405.916763, 40.527939], 0.172103, 0.122220 
  109, [202.5291, 143], [59.529102, 3543.713934, 41.628742], 0.172247, 0.121370 
  110, [200.7180, 142], [58.718004, 3447.803959, 41.350707], 0.170699, 0.120510 
  111, [198.0046, 141], [57.004565, 3249.520423, 40.428769], 0.168380, 0.119660 
  112, [192.9617, 140], [52.961739, 2804.945764, 37.829813], 0.164070, 0.118800 
  113, [184.9552, 139], [45.955246, 2111.884612, 33.061328], 0.157227, 0.117950 
  114, [177.7879, 138], [39.787855, 1583.073440, 28.831779], 0.151101, 0.117090 
  115, [173.3273, 137], [36.327348, 1319.676224, 26.516313], 0.147288, 0.116240 
  116, [169.7641, 136], [33.764062, 1140.011854, 24.826516], 0.144243, 0.115380 
  117, [165.4855, 135], [30.485463, 929.363442, 22.581824], 0.140586, 0.114530 
  118, [162.4010, 134], [28.401022, 806.618031, 21.194792], 0.137950, 0.113680 
  119, [160.2794, 133], [27.279433, 744.167471, 20.510852], 0.136136, 0.112820 
  120, [161.0309, 132], [29.030874, 842.791627, 21.993086], 0.136779, 0.111970 
  121, [158.1357, 131], [27.135714, 736.346989, 20.714286], 0.134304, 0.111110 
  122, [158.6351, 130], [28.635122, 819.970203, 22.027017], 0.134731, 0.110260 
  123, [155.1260, 129], [26.125961, 682.565831, 20.252683], 0.131732, 0.109400 
  124, [154.2006, 128], [26.200649, 686.474028, 20.469257], 0.130941, 0.108550 
  125, [153.0254, 127], [26.025443, 677.323683, 20.492475], 0.129936, 0.107690 
  126, [152.9720, 126], [26.972012, 727.489416, 21.406359], 0.129891, 0.106840 
  127, [152.1076, 125], [27.107625, 734.823334, 21.686100], 0.129152, 0.105980 
  128, [151.0058, 124], [27.005815, 729.314044, 21.778883], 0.128210, 0.105130 
  129, [150.8091, 123], [27.809119, 773.347126, 22.609040], 0.128042, 0.104270 
  130, [150.5574, 122], [28.557378, 815.523817, 23.407687], 0.127827, 0.103420 
  131, [150.9112, 121], [29.911217, 894.680906, 24.720014], 0.128129, 0.102560 
  132, [151.4530, 120], [31.453032, 989.293244, 26.210860], 0.128592, 0.101710 
  133, [150.6780, 119], [31.677991, 1003.495091, 26.620160], 0.127930, 0.100850 
  134, [150.2253, 118], [32.225257, 1038.467172, 27.309540], 0.127543, 0.100000 
  135, [149.6939, 117], [32.693914, 1068.892014, 27.943516], 0.127089, 0.099145 
  136, [148.4409, 116], [32.440937, 1052.414363, 27.966325], 0.126018, 0.098291 
  137, [148.4864, 115], [33.486370, 1121.336988, 29.118583], 0.126057, 0.097436 
  138, [149.2557, 114], [35.255694, 1242.963971, 30.926048], 0.126714, 0.096581 
  139, [149.4984, 113], [36.498441, 1332.136226, 32.299506], 0.126922, 0.095726 
  140, [149.3738, 112], [37.373806, 1396.801410, 33.369470], 0.126815, 0.094872 
  141, [148.6332, 111], [37.633224, 1416.259545, 33.903805], 0.126182, 0.094017 
  142, [148.1413, 110], [38.141288, 1454.757840, 34.673898], 0.125762, 0.093162 
  143, [147.1494, 109], [38.149428, 1455.378885, 34.999476], 0.124914, 0.092308 
  144, [146.0077, 108], [38.007730, 1444.587511, 35.192342], 0.123938, 0.091453 
  145, [146.4077, 107], [39.407652, 1552.963067, 36.829582], 0.124280, 0.090598 
  146, [146.5391, 106], [40.539070, 1643.416167, 38.244405], 0.124392, 0.089744 
  147, [146.4557, 105], [41.455747, 1718.578963, 39.481664], 0.124321, 0.088889 
  148, [146.0365, 104], [42.036502, 1767.067539, 40.419714], 0.123963, 0.088034 
  149, [145.9859, 103], [42.985875, 1847.785462, 41.733859], 0.123920, 0.087179 
  150, [145.4563, 102], [43.456294, 1888.449477, 42.604210], 0.123467, 0.086325 
  151, [145.0919, 101], [44.091866, 1944.092656, 43.655313], 0.123155, 0.085470 
  152, [144.8975, 100], [44.897539, 2015.789002, 44.897539], 0.122989, 0.084615 
  153, [144.7018, 99], [45.701787, 2088.653356, 46.163421], 0.122822, 0.083761 
  154, [143.8971, 98], [45.897085, 2106.542457, 46.833761], 0.122134, 0.082906 
  155, [143.2147, 97], [46.214716, 2135.799973, 47.644037], 0.121551, 0.082051 
  156, [143.3678, 96], [47.367774, 2243.706013, 49.341431], 0.121682, 0.081197 
  157, [142.8029, 95], [47.802943, 2285.121379, 50.318888], 0.121199, 0.080342 
  158, [141.4137, 94], [47.413736, 2248.062362, 50.440145], 0.120012, 0.079487 
  159, [142.1047, 93], [49.104745, 2411.275942, 52.800801], 0.120602, 0.078632 
  160, [142.1513, 92], [50.151343, 2515.157220, 54.512330], 0.120642, 0.077778 
  161, [141.4083, 91], [50.408262, 2540.992862, 55.393694], 0.120007, 0.076923 
  162, [141.0037, 90], [51.003701, 2601.377516, 56.670779], 0.119661, 0.076068 
  163, [140.0434, 89], [51.043443, 2605.433092, 57.352183], 0.118841, 0.075214 
  164, [140.0858, 88], [52.085824, 2712.933039, 59.188436], 0.118877, 0.074359 
  165, [139.0185, 87], [52.018481, 2705.922409, 59.791358], 0.117965, 0.073504 
  166, [137.1849, 86], [51.184908, 2619.894806, 59.517335], 0.116397, 0.072650 
  167, [136.8350, 85], [51.834986, 2686.865752, 60.982336], 0.116098, 0.071795 
  168, [136.6641, 84], [52.664148, 2773.512452, 62.695414], 0.115952, 0.070940 
  169, [137.7262, 83], [54.726175, 2994.954190, 65.935150], 0.116860, 0.070085 
  170, [138.1014, 82], [56.101433, 3147.370836, 68.416382], 0.117181, 0.069231 
  171, [137.8823, 81], [56.882301, 3235.596154, 70.225063], 0.116993, 0.068376 
  172, [138.2565, 80], [58.256549, 3393.825526, 72.820687], 0.117313, 0.067521 
  173, [138.1759, 79], [59.175896, 3501.786694, 74.906198], 0.117244, 0.066667 
  174, [136.7004, 78], [58.700416, 3445.738879, 75.256944], 0.115983, 0.065812 
  175, [132.9839, 77], [55.983884, 3134.195320, 72.706343], 0.112807, 0.064957 
  176, [133.6385, 76], [57.638548, 3322.202257, 75.840195], 0.113366, 0.064103 
  177, [133.0366, 75], [58.036551, 3368.241210, 77.382068], 0.112852, 0.063248 
  178, [132.5423, 74], [58.542272, 3427.197615, 79.111178], 0.112429, 0.062393 
  179, [132.0465, 73], [59.046534, 3486.493226, 80.885664], 0.112006, 0.061538 
  180, [131.1689, 72], [59.168937, 3500.963069, 82.179079], 0.111256, 0.060684 
  181, [130.7086, 71], [59.708564, 3565.112650, 84.096569], 0.110862, 0.059829 
  182, [129.2700, 70], [59.269996, 3512.932393, 84.671422], 0.109632, 0.058974 
  183, [130.5169, 69], [61.516927, 3784.332339, 89.154967], 0.110698, 0.058120 
  184, [132.3071, 68], [64.307141, 4135.408418, 94.569325], 0.112228, 0.057265 
  185, [133.9203, 67], [66.920262, 4478.321422, 99.880988], 0.113607, 0.056410 
  186, [134.7874, 66], [68.787356, 4731.700401, 104.223267], 0.114348, 0.055556 
  187, [134.6566, 65], [69.656610, 4852.043270, 107.164015], 0.114236, 0.054701 
  188, [134.9210, 64], [70.921046, 5029.794827, 110.814135], 0.114462, 0.053846 
  189, [134.4659, 63], [71.465890, 5107.373449, 113.437921], 0.114073, 0.052991 
  190, [134.4545, 62], [72.454474, 5249.650865, 116.862056], 0.114064, 0.052137 
  191, [133.8986, 61], [72.898608, 5314.207015, 119.505914], 0.113589, 0.051282 
  192, [132.8834, 60], [72.883397, 5311.989584, 121.472329], 0.112721, 0.050427 
  193, [131.8360, 59], [72.836016, 5305.085176, 123.450874], 0.111826, 0.049573 
  194, [130.2126, 58], [72.212630, 5214.663913, 124.504534], 0.110438, 0.048718 
  195, [128.7305, 57], [71.730469, 5145.260164, 125.842928], 0.109171, 0.047863 
  196, [128.3466, 56], [72.346555, 5234.024071, 129.190277], 0.108843, 0.047009 
  197, [131.0946, 55], [76.094563, 5790.382504, 138.353751], 0.111192, 0.046154 
  198, [134.5770, 54], [80.577036, 6492.658660, 149.216733], 0.114168, 0.045299 
  199, [137.9945, 53], [84.994489, 7224.063181, 160.366961], 0.117089, 0.044444 
  200, [140.7970, 52], [88.796959, 7884.899841, 170.763382], 0.119485, 0.043590 
  201, [142.3112, 51], [91.311243, 8337.743104, 179.041653], 0.120779, 0.042735 
  202, [143.9349, 50], [93.934942, 8823.773304, 187.869884], 0.122167, 0.041880 
  203, [144.5432, 49], [95.543162, 9128.495808, 194.986045], 0.122686, 0.041026 
  204, [144.6836, 48], [96.683639, 9347.726144, 201.424249], 0.122807, 0.040171 
  205, [144.4847, 47], [97.484722, 9503.271031, 207.414302], 0.122637, 0.039316 
  206, [140.6292, 46], [94.629180, 8954.681694, 205.715609], 0.119341, 0.038462 
  207, [135.5210, 45], [90.520988, 8194.049221, 201.157751], 0.114975, 0.037607 
  208, [129.8914, 44], [85.891376, 7377.328443, 195.207672], 0.110164, 0.036752 
  209, [22.2018, 43], [20.798178, 432.564189, 48.367855], 0.018121, 0.035897 
  210, [22.8964, 42], [19.103622, 364.948368, 45.484814], 0.018715, 0.035043 
  211, [17.5918, 41], [23.408214, 547.944486, 57.093205], 0.014181, 0.034188 
  212, [16.6074, 40], [23.392592, 547.213346, 58.481479], 0.013340, 0.033333 
  213, [16.6237, 39], [22.376294, 500.698537, 57.375113], 0.013354, 0.032479 
  214, [13.1139, 38], [24.886063, 619.316110, 65.489638], 0.010354, 0.031624 
  215, [14.3133, 37], [22.686718, 514.687174, 61.315454], 0.011379, 0.030769 
  216, [14.8396, 36], [21.160386, 447.761931, 58.778850], 0.011829, 0.029915 
  217, [13.8367, 35], [21.163275, 447.884218, 60.466501], 0.010972, 0.029060 
  218, [9.7815, 34], [24.218493, 586.535418, 71.230863], 0.007506, 0.028205 
  219, [12.2985, 33], [20.701494, 428.551840, 62.731799], 0.009657, 0.027350 
  220, [12.1159, 32], [19.884107, 395.377715, 62.137835], 0.009501, 0.026496 
  221, [8.7540, 31], [22.246038, 494.886221, 71.761414], 0.006627, 0.025641 
  222, [9.0397, 30], [20.960336, 439.335703, 69.867788], 0.006872, 0.024786 
  223, [6.3832, 29], [22.616848, 511.521798, 77.989130], 0.004601, 0.023932 
  224, [7.7530, 28], [20.247006, 409.941264, 72.310737], 0.005772, 0.023077 
  225, [7.8951, 27], [19.104919, 364.997915, 70.758958], 0.005893, 0.022222 
  226, [7.1358, 26], [18.864158, 355.856452, 72.554453], 0.005244, 0.021368 
  227, [6.1130, 25], [18.886975, 356.717820, 75.547900], 0.004370, 0.020513 
  228, [5.7809, 24], [18.219050, 331.933793, 75.912709], 0.004086, 0.019658 
  229, [2.4582, 23], [20.541791, 421.965197, 89.312137], 0.001246, 0.018803 
  230, [2.5595, 22], [19.440509, 377.933407, 88.365952], 0.001333, 0.017949 
  231, [3.6745, 21], [17.325522, 300.173717, 82.502486], 0.002286, 0.017094 
  232, [1.5932, 20], [18.406812, 338.810725, 92.034060], 0.000507, 0.016239 
  233, [2.9579, 19], [16.042109, 257.349257, 84.432152], 0.001673, 0.015385 
  234, [4.4835, 18], [13.516534, 182.696678, 75.091853], 0.002977, 0.014530 
  235, [1.9789, 17], [15.021053, 225.632029, 88.359134], 0.000837, 0.013675 
  236, [-0.1747, 16], [16.174743, 261.622318, 101.092145], -0.001004, 0.012821 
  237, [2.8071, 15], [12.192851, 148.665609, 81.285672], 0.001545, 0.011966 
  238, [0.5356, 14], [13.464356, 181.288886, 96.173972], -0.000397, 0.011111 
  239, [-3.4450, 13], [16.444968, 270.436966, 126.499752], -0.003799, 0.010256 
  240, [-2.0601, 12], [14.060101, 197.686441, 117.167509], -0.002615, 0.009402 
  241, [-2.2338, 11], [13.233779, 175.132915, 120.307085], -0.002764, 0.008547 
  242, [-2.5756, 10], [12.575628, 158.146407, 125.756275], -0.003056, 0.007692 
  243, [-1.4380, 9], [10.438035, 108.952581, 115.978170], -0.002084, 0.006838 
  244, [-0.3724, 8], [8.372378, 70.096705, 104.654719], -0.001173, 0.005983 
  245, [-3.0020, 7], [10.001954, 100.039082, 142.885056], -0.003420, 0.005128 
  246, [1.0813, 6], [4.918678, 24.193390, 81.977961], 0.000070, 0.004274 
  247, [-3.1625, 5], [8.162508, 66.626538, 163.250162], -0.003558, 0.003419 
  248, [-4.1591, 4], [8.159106, 66.571008, 203.977645], -0.004409, 0.002564 
  249, [-0.3933, 3], [3.393319, 11.514613, 113.110630], -0.001191, 0.001709 

 ---- summary of battery # 21 pre= 1 ~ 50 (cycle) -----
 RMSE_pre = 184.4713 
 MAPE_pre = 80.5303 

 ---- summary of battery # 250 post= 51 ~ 250 (cycle) -----
 RMSE_post = 74.6775 
 MAPE_post = 71.4181 

 Patten changes at 29 cycle to decrease 34 RUL. Bad !!!
 Patten changes at 57 cycle to decrease 21 RUL. Bad !!!
 Patten changes at 209 cycle to decrease 107 RUL. Bad !!!

 ---- summary of battery # 21 -----
 RMSE = 106.1476 
 MAPE = 73.2405 

 Congraturation, It works !!! 
